315310	994887	197991	451572	266265
372436	421418	167295	572352	590406
521690	343613	738790	666089	722907
462679	868260	365363	940866	689881
562241	121820	619177	976139	897807
535241	453631	624941	685922	148351
720278	962939	402404	776396	555854
498871	423171	872654	530051	472245
305845	484444	120302	241862	414187
994733	722334	496740	352996	944654
492391	759598	188945	228122	195987
291414	387796	132670	541618	141643
850470	856402	613734	138429	479001
199710	851347	770551	372673	691514
674221	443000	514117	935079	535135
167125	825984	265475	492522	539436
452823	121265	691563	761083	509103
962508	334178	175685	136949	233017
289092	179030	106690	777618	701200
486085	784024	640123	924171	890272
996014	586522	490030	439898	147156
934785	887243	120579	151794	454224
235214	755241	375236	765654	554758
490318	452148	622149	194079	691949
613610	148752	176894	913591	783187
763110	287620	737326	128067	122249
976082	730038	185822	282887	826294
416099	167542	289942	429442	982660
638267	926565	387601	430587	175593
818505	906761	641171	209251	687905
763411	157886	622596	299996	739772
379811	838253	656072	128689	744013
765363	345729	907389	710865	943186
339927	250174	691761	172248	269681
834466	292377	311032	619053	262019
943533	256077	539944	891667	905692
481418	741382	907409	896089	353222
709971	315416	132614	623081	387503
125850	499020	304484	354970	661791
245401	246060	867004	795747	846503
435887	194356	585485	463479	824517
998021	153097	147088	881241	235213
718379	470356	508683	359328	360347
867396	611381	163262	155227	225182
486676	692126	856911	714539	449506
658919	635668	846579	680319	878222
938256	786406	501463	414660	748210
926568	759213	655111	601400	967730
460609	549774	668725	304720	460864
218234	254202	983037	807039	974628
648046	324703	547481	816803	351707
756678	211173	669020	418215	576392
905090	764042	642405	328633	362890
171920	914387	520357	293190	709901
742740	541056	472222	259591	974446
218984	104397	886940	875145	306480
693940	304304	214864	738155	886688
787447	905656	522704	952367	978212
877227	373725	406392	786322	845591
500069	446207	751893	619709	772623
153365	532973	212547	457402	424517
528710	410100	193638	782512	538281
869066	857204	478837	706986	792934
449584	307147	558879	572117	709518
830078	895134	695188	927555	838741
132458	155173	240146	593718	813730
675333	293110	868980	841761	430344
554591	104644	487777	433178	715798
997057	973214	389534	646398	321860
757236	719386	160481	295423	729467
835741	471590	232366	870508	100362
993271	663615	791375	630173	561444
143950	503697	929728	333751	844313
918147	633824	392423	792078	340727
512148	859615	900353	142638	329554
824078	528561	518542	415043	218270
525999	888523	587126	748630	393510
592162	471372	765893	252027	740087
814123	609901	265827	619433	629367
465805	111132	411003	779510	329154
488113	741592	138668	609126	286231
536834	109904	900472	970013	943601
216990	327893	700059	851696	279668
767726	859266	801634	302254	769676
922241	155484	375233	502374	188143
226795	283187	318300	411479	963517
377120	447183	427531	481356	943231
750768	428595	572034	433206	215437
368106	707458	487414	520536	810797
373469	797107	716472	353768	475515
327722	714665	968042	314676	273379
991164	680336	952997	126643	862665
767339	793157	548038	900649	835692
218259	988534	245987	267540	324253
893376	527396	670904	695073	146459
489931	909189	951717	516486	485761
551977	941873	876931	123883	349028
271736	749411	363987	708453	264223
780818	768607	439039	646470	334496
511193	335781	847305	146367	701277
127390	462953	602254	400014	784463
210856	250418	625427	580752	666959
597967	634639	347395	809131	649464
938126	879799	255726	870569	653404
599426	349017	924808	738591	991032
959044	860601	129780	774242	658670
584216	687749	768798	340174	941435
865603	689867	979927	576765	759543
813283	106063	792383	624952	983935
164746	372596	387820	786811	211657
810170	466339	396111	679823	909660
947315	446689	160174	943510	593699
781023	944603	125457	616809	639235
954820	627026	583108	564680	890750
703053	932181	271558	234115	424934
305926	969322	825349	636361	986305
599147	977542	732455	822105	230567
183693	775692	637989	397830	291624
472739	296921	420282	576557	614478
594206	903397	403177	893648	961328
766391	175117	144479	638908	873134
848773	268504	503910	635530	263526
733121	289515	223498	741569	173726
229099	263408	952959	292703	921656
961722	584940	849423	752855	845195
865706	833697	981565	358939	341965
627520	466793	319491	903075	506820
753127	598345	619124	778642	825211
457426	776495	548040	256525	900080
105684	817065	382009	166096	179872
735205	567296	767635	555821	398894
675980	966797	649387	772819	998189
484028	963289	840757	387590	309188
442360	961706	703835	274347	645791
884386	473314	269197	274506	576346
694374	273313	931579	969148	898783
387319	439027	605348	734631	140375
165220	290996	986385	260772	114860
617111	832050	972093	356710	400757
148426	886685	108082	906579	981645
178563	307127	282023	177016	305723
268565	795007	670194	447307	447910
438251	731628	199450	562086	941335
399803	274128	122672	116091	291617
163015	301281	299367	989490	479575
496684	253240	782482	210707	986788
333467	900493	912704	321308	364958
964178	650145	893472	610761	837195
734507	898171	548023	126689	562951
899942	832498	469457	254542	487934
710841	500309	548291	868914	537727
548431	491956	231605	294321	363143
983626	936996	844287	296230	216726
291582	629666	524652	693652	278018
855076	496817	562840	855278	512193
423619	447755	992333	633847	698594
847204	671442	499851	517001	386554
659916	901956	932826	222714	969679
137843	431682	800488	203784	250976
825504	263247	664720	964766	139088
932799	260708	588494	595282	913906
594506	492392	335336	130061	545920
790474	336298	591372	334847	583181
113699	515664	841106	936102	642913
122574	459242	577999	602360	423228
678588	806679	754258	602835	800867
745090	252768	368725	659215	691380
154697	944953	947188	684926	586784
832869	831629	729343	480961	961640
886335	162759	342318	174681	193874
889216	672924	550470	593884	925918
440210	346765	483354	385214	456480
991831	287599	142358	734901	432538
902148	521811	686940	872524	740981
599627	899734	481666	208904	326741
945105	700528	331996	756015	817419
882334	756748	460829	972970	196121
195612	851415	420778	215051	682967
866957	645408	200911	705323	253865
347012	790487	629438	681639	988455
221414	218468	156757	952012	554424
151110	929617	142306	200324	804470
956307	456448	186345	754819	863098
260590	597216	383111	976839	827295
262221	876532	880014	522914	154816
177012	247283	679603	553214	311542
784926	932787	975538	824264	972332
265994	862714	323033	716714	649564
495764	460089	215483	636933	599065
525156	732623	800409	467552	203248
860019	310325	173229	143194	674643
491252	760054	938829	631037	413071
417563	859106	174920	221444	232114
557638	550416	925242	119180	151512
118315	559880	383957	487195	266589
322316	552707	142271	354283	359173
520977	258625	179988	462439	796211
805231	851923	715770	995170	672058
398333	159463	289228	972977	745483
193953	355295	587486	419403	132407